0.0 0.0 0.0 0.0 0.0 0.0 0.0
-0.7090001976984526 -0.6859587878455986 -0.6593587426573195 -0.7209186252279739 -1.3350484728858767 -0.9753471880775294 -0.7378756753146348
-7.036110636254387 -7.003803384780917 -7.010978998004061 -6.9981141298289185 -6.984304309886006 -7.021731401277148 -7.08363998240889
0.0 0.0 0.0 0.0 0.0 0.0 0.0
0.0 0.0 0.0 0.0 0.0 0.0 0.0
0.0 0.0 0.0 0.0 0.0 0.0 0.0
0.0 0.0 0.0 0.0 0.0 0.0 0.0
0.0 0.0 0.0 0.0 0.0 0.0 0.0
0.0 0.0 0.0 0.0 0.0 0.0 0.0
-1.752310827925986 0.0 0.0 -0.2891113000363455 -0.6254862003125381 -0.7080352429012502 -0.2697019595433505
-1.602903530353057 -1.323883035489591 -1.2539595426592458 -1.285308947778898 -1.6750572365079686 -2.010629742718602 -1.7532822395795444
0.0 0.0 0.0 0.0 0.0 0.0 0.0
